182          63.580498
182.1          60.718552
182.2          57.829150
182.3          54.913876
182.4          51.974324
182.5          49.012105
182.6          46.028837
182.7          43.026151
182.8          40.005685
182.9          36.969087
183          33.918008
183.1          30.854105
183.2          27.779039
183.3          24.694471
183.4          21.602064
183.5          18.503480
183.6          15.400381
183.7          12.294421
183.8          9.187255
183.9          6.080529
184          2.975881
184.1          -0.125057
184.2          -3.220663
184.3          -6.309327
184.4          -9.389451
184.5          -12.459448
184.6          -15.517748
184.7          -18.562795
184.8          -21.593050
184.9          -24.606992
185          -27.603119
185.1          -30.579946
185.2          -33.536013
185.3          -36.469880
185.4          -39.380129
185.5          -42.265367
185.6          -45.124224
185.7          -47.955358
185.8          -50.757450
185.9          -53.529212
186          -56.269381
186.1          -58.976724
186.2          -61.650037
186.3          -64.288146
186.4          -66.889909
186.5          -69.454214
186.6          -71.979980
186.7          -74.466162
186.8          -76.911745
186.9          -79.315749
187          -81.677227
187.1          -83.995267
187.2          -86.268992
187.3          -88.497560
187.4          -90.680164
187.5          -92.816033
187.6          -94.904433
187.7          -96.944665
187.8          -98.936065
187.9          -100.878010
188          -102.769909
188.1          -104.611210
188.2          -106.401397
188.3          -108.139992
188.4          -109.826551
188.5          -111.460671
188.6          -113.041981
188.7          -114.570149
188.8          -116.044881
188.9          -117.465914
189          -118.833027
189.1          -120.146031
189.2          -121.404772
189.3          -122.609135
189.4          -123.759036
189.5          -124.854427
189.6          -125.895295
189.7          -126.881660
189.8          -127.813575
189.9          -128.691127
190          -129.514435
190.1          -130.283649
190.2          -130.998953
190.3          -131.660559
190.4          -132.268711
190.5          -132.823685
190.6          -133.325781
190.7          -133.775333
190.8          -134.172701
190.9          -134.518271
191          -134.812459
191.1          -135.055705
191.2          -135.248475
191.3          -135.391260
191.4          -135.484575
191.5          -135.528959
191.6          -135.524973
191.7          -135.473201
191.8          -135.374248
191.9          -135.228739
192          -135.037319
192.1          -134.800653
192.2          -134.519423
192.3          -134.194331
192.4          -133.826094
192.5          -133.415444
192.6          -132.963132
192.7          -132.469919
192.8          -131.936585
192.9          -131.363919
193          -130.752724
193.1          -130.103814
193.2          -129.418015
193.3          -128.696163
193.4          -127.939101
193.5          -127.147685
193.6          -126.322774
193.7          -125.465237
193.8          -124.575949
193.9          -123.655792
194          -122.705651
194.1          -121.726415
194.2          -120.718980
194.3          -119.684241
194.4          -118.623098
194.5          -117.536451
194.6          -116.425203
194.7          -115.290255
194.8          -114.132510
194.9          -112.952869
195          -111.752230
195.1          -110.531493
195.2          -109.291551
195.3          -108.033296
195.4          -106.757617
195.5          -105.465397
195.6          -104.157516
195.7          -102.834846
195.8          -101.498255
195.9          -100.148605
196          -98.786751
196.1          -97.413540
196.2          -96.029812
196.3          -94.636398
196.4          -93.234121
196.5          -91.823797
196.6          -90.406230
196.7          -88.982215
196.8          -87.552537
196.9          -86.117972
197          -84.679284
197.1          -83.237226
197.2          -81.792540
197.3          -80.345957
197.4          -78.898196
197.5          -77.449962
197.6          -76.001951
197.7          -74.554844
197.8          -73.109310
197.9          -71.666006
198          -70.225573
198.1          -68.788643
198.2          -67.355832
198.3          -65.927741
198.4          -64.504960
198.5          -63.088065
198.6          -61.677617
198.7          -60.274162
198.8          -58.878235
198.9          -57.490355
199          -56.111025
199.1          -54.740738
199.2          -53.379969
199.3          -52.029180
199.4          -50.688820
199.5          -49.359322
199.6          -48.041105
199.7          -46.734575
199.8          -45.440122
199.9          -44.158123
200          -42.888940
200.1          -41.632923
200.2          -40.390405
200.3          -39.161708
200.4          -37.947138
200.5          -36.746988
200.6          -35.561538
200.7          -34.391054
200.8          -33.235788
200.9          -32.095980
201          -30.971857
201.1          -29.863631
201.2          -28.771503
201.3          -27.695660
201.4          -26.636279
201.5          -25.593521
201.6          -24.567538
201.7          -23.558467
201.8          -22.566436
201.9          -21.591560
202          -20.633941
202.1          -19.693674
202.2          -18.770837
202.3          -17.865503
202.4          -16.977729
202.5          -16.107565
202.6          -15.255050
202.7          -14.420212
202.8          -13.603069
202.9          -12.803630
203          -12.021895
203.1          -11.257854
203.2          -10.511487
203.3          -9.782766
203.4          -9.071655
203.5          -8.378109
203.6          -7.702074
203.7          -7.043489
203.8          -6.402286
203.9          -5.778387
204          -5.171709
204.1          -4.582160
204.2          -4.009643
204.3          -3.454052
204.4          -2.915276
204.5          -2.393198
204.6          -1.887694
204.7          -1.398634
204.8          -0.925884
204.9          -0.469303
205          -0.028744
205.1          0.395943
205.2          0.804913
205.3          1.198327
205.4          1.576351
205.5          1.939152
205.6          2.286905
205.7          2.619786
205.8          2.937975
205.9          3.241658
206          3.531020
206.1          3.806254
206.2          4.067551
206.3          4.315110
206.4          4.549127
206.5          4.769805
206.6          4.977348
206.7          5.171959
206.8          5.353848
206.9          5.523223
207          5.680295
207.1          5.825277
207.2          5.958381
207.3          6.079824
207.4          6.189819
207.5          6.288585
207.6          6.376338
207.7          6.453296
207.8          6.519677
207.9          6.575701
208          6.621587
208.1          6.657552
208.2          6.683817
208.3          6.700599
208.4          6.708118
208.5          6.706591
208.6          6.696237
208.7          6.677272
208.8          6.649912
208.9          6.614374
209          6.570872
209.1          6.519619
209.2          6.460829
209.3          6.394712
209.4          6.321479
209.5          6.241340
209.6          6.154500
209.7          6.061168
209.8          5.961546
209.9          5.855838
210          5.744245
210.1          5.626967
210.2          5.504202
210.3          5.376144
210.4          5.242989
210.5          5.104927
210.6          4.962150
210.7          4.814844
210.8          4.663195
210.9          4.507388
211          4.347602
211.1          4.184018
211.2          4.016813
211.3          3.846159
211.4          3.672231
211.5          3.495197
211.6          3.315225
211.7          3.132480
211.8          2.947123
211.9          2.759317
212          2.569216
212.1          2.376978
212.2          2.182753
212.3          1.986692
212.4          1.788943
212.5          1.589649
212.6          1.388953
212.7          1.186995
212.8          0.983911
212.9          0.779836
213          0.574901
213.1          0.369236
213.2          0.162967
213.3          -0.043782
213.4          -0.250891
213.5          -0.458239
213.6          -0.665712
213.7          -0.873196
213.8          -1.080579
213.9          -1.287754
214          -1.494616
214.1          -1.701060
214.2          -1.906987
214.3          -2.112298
214.4          -2.316898
214.5          -2.520694
214.6          -2.723595
214.7          -2.925514
214.8          -3.126364
214.9          -3.326064
215          -3.524531
215.1          -3.721689
215.2          -3.917460
215.3          -4.111772
215.4          -4.304554
215.5          -4.495736
215.6          -4.685253
215.7          -4.873039
215.8          -5.059033
215.9          -5.243176
216          -5.425409
216.1          -5.605678
216.2          -5.783929
216.3          -5.960112
216.4          -6.134176
216.5          -6.306076
216.6          -6.475767
216.7          -6.643205
216.8          -6.808351
216.9          -6.971165
217          -7.131611
217.1          -7.289653
217.2          -7.445258
217.3          -7.598396
217.4          -7.749037
217.5          -7.897153
217.6          -8.042719
217.7          -8.185711
217.8          -8.326105
217.9          -8.463883
218          -8.599024
218.1          -8.731511
218.2          -8.861329
218.3          -8.988463
218.4          -9.112900
218.5          -9.234630
218.6          -9.353643
218.7          -9.469930
218.8          -9.583485
218.9          -9.694303
219          -9.802378
219.1          -9.907710
219.2          -10.010295
219.3          -10.110134
219.4          -10.207228
219.5          -10.301580
219.6          -10.393192
219.7          -10.482070
219.8          -10.568219
219.9          -10.651646
220          -10.732359
220.1          -10.810368
220.2          -10.885681
220.3          -10.958311
220.4          -11.028269
220.5          -11.095568
220.6          -11.160221
220.7          -11.222245
220.8          -11.281654
220.9          -11.338464
221          -11.392693
221.1          -11.444359
221.2          -11.493481
221.3          -11.540077
221.4          -11.584169
221.5          -11.625778
221.6          -11.664924
221.7          -11.701630
221.8          -11.735918
221.9          -11.767813
222          -11.797338
222.1          -11.824518
222.2          -11.849377
222.3          -11.871942
222.4          -11.892237
222.5          -11.910291
222.6          -11.926128
222.7          -11.939778
222.8          -11.951267
222.9          -11.960624
223          -11.967876
223.1          -11.973054
223.2          -11.976185
223.3          -11.977300
223.4          -11.976427
223.5          -11.973598
223.6          -11.968841
223.7          -11.962188
223.8          -11.953669
223.9          -11.943315
224          -11.931156
224.1          -11.917225
224.2          -11.901551
224.3          -11.884167
224.4          -11.865104
224.5          -11.844394
224.6          -11.822068
224.7          -11.798158
224.8          -11.772696
224.9          -11.745714
225          -11.717243
225.1          -11.687316
225.2          -11.655963
225.3          -11.623219
225.4          -11.589113
225.5          -11.553678
225.6          -11.516945
225.7          -11.478947
225.8          -11.439714
225.9          -11.399279
226          -11.357673
226.1          -11.314926
226.2          -11.271072
226.3          -11.226139
226.4          -11.180161
226.5          -11.133166
226.6          -11.085186
226.7          -11.036252
226.8          -10.986394
226.9          -10.935642
227          -10.884026
227.1          -10.831575
227.2          -10.778320
227.3          -10.724290
227.4          -10.669514
227.5          -10.614021
227.6          -10.557839
227.7          -10.500998
227.8          -10.443526
227.9          -10.385449
228          -10.326798
228.1          -10.267598
228.2          -10.207878
228.3          -10.147663
228.4          -10.086982
228.5          -10.025860
228.6          -9.964324
228.7          -9.902400
228.8          -9.840113
228.9          -9.777488
229          -9.714552
229.1          -9.651328
229.2          -9.587840
229.3          -9.524114
229.4          -9.460174
229.5          -9.396042
229.6          -9.331742
229.7          -9.267297
229.8          -9.202729
229.9          -9.138062
230          -9.073317
230.1          -9.008516
230.2          -8.943680
230.3          -8.878830
230.4          -8.813988
230.5          -8.749173
230.6          -8.684406
230.7          -8.619707
230.8          -8.555095
230.9          -8.490590
231          -8.426210
231.1          -8.361974
231.2          -8.297900
231.3          -8.234006
231.4          -8.170310
231.5          -8.106829
231.6          -8.043581
231.7          -7.980581
231.8          -7.917846
231.9          -7.855392
232          -7.793235
232.1          -7.731391
232.2          -7.669873
232.3          -7.608699
232.4          -7.547881
232.5          -7.487433
232.6          -7.427371
232.7          -7.367707
232.8          -7.308455
232.9          -7.249627
233          -7.191237
233.1          -7.133296
233.2          -7.075817
233.3          -7.018812
233.4          -6.962292
233.5          -6.906268
233.6          -6.850751
233.7          -6.795752
233.8          -6.741282
233.9          -6.687349
234          -6.633965
234.1          -6.581139
234.2          -6.528879
234.3          -6.477195
234.4          -6.426095
234.5          -6.375589
234.6          -6.325683
234.7          -6.276387
234.8          -6.227708
234.9          -6.179652
235          -6.132228
235.1          -6.085442
235.2          -6.039301
235.3          -5.993811
235.4          -5.948978
235.5          -5.904809
235.6          -5.861308
235.7          -5.818482
235.8          -5.776335
235.9          -5.734873
236          -5.694101
236.1          -5.654022
236.2          -5.614641
236.3          -5.575963
236.4          -5.537990
236.5          -5.500727
236.6          -5.464178
236.7          -5.428344
236.8          -5.393230
236.9          -5.358839
237          -5.325172
237.1          -5.292232
237.2          -5.260022
237.3          -5.228543
237.4          -5.197798
237.5          -5.167787
237.6          -5.138513
237.7          -5.109977
237.8          -5.082179
237.9          -5.055122
238          -5.028804
238.1          -5.003228
238.2          -4.978393
238.3          -4.954300
238.4          -4.930948
238.5          -4.908338
238.6          -4.886470
238.7          -4.865342
238.8          -4.844955
238.9          -4.825308
239          -4.806399
239.1          -4.788228
239.2          -4.770794
239.3          -4.754095
239.4          -4.738130
239.5          -4.722897
239.6          -4.708394
239.7          -4.694621
239.8          -4.681573
239.9          -4.669251
240          -4.657650
240.1          -4.646770
240.2          -4.636607
240.3          -4.627158
240.4          -4.618422
240.5          -4.610395
240.6          -4.603073
240.7          -4.596455
240.8          -4.590537
240.9          -4.585315
241          -4.580786
241.1          -4.576947
241.2          -4.573793
241.3          -4.571322
241.4          -4.569529
241.5          -4.568410
241.6          -4.567962
241.7          -4.568180
241.8          -4.569059
241.9          -4.570597
242          -4.572787
242.1          -4.575627
242.2          -4.579110
242.3          -4.583233
242.4          -4.587991
242.5          -4.593378
242.6          -4.599390
242.7          -4.606023
242.8          -4.613270
242.9          -4.621127
243          -4.629589
243.1          -4.638650
243.2          -4.648305
243.3          -4.658548
243.4          -4.669374
243.5          -4.680778
243.6          -4.692754
243.7          -4.705295
243.8          -4.718397
243.9          -4.732054
244          -4.746259
244.1          -4.761007
244.2          -4.776292
244.3          -4.792108
244.4          -4.808448
244.5          -4.825307
244.6          -4.842678
244.7          -4.860556
244.8          -4.878933
244.9          -4.897804
245          -4.917161
245.1          -4.937000
245.2          -4.957313
245.3          -4.978093
245.4          -4.999335
245.5          -5.021031
245.6          -5.043176
245.7          -5.065762
245.8          -5.088782
245.9          -5.112230
246          -5.136100
246.1          -5.160384
246.2          -5.185075
246.3          -5.210167
246.4          -5.235653
246.5          -5.261526
246.6          -5.287779
246.7          -5.314405
246.8          -5.341397
246.9          -5.368749
247          -5.396452
247.1          -5.424500
247.2          -5.452887
247.3          -5.481604
247.4          -5.510645
247.5          -5.540003
247.6          -5.569670
247.7          -5.599640
247.8          -5.629905
247.9          -5.660458
248          -5.691292
248.1          -5.722400
248.2          -5.753775
248.3          -5.785409
248.4          -5.817295
248.5          -5.849426
248.6          -5.881795
248.7          -5.914395
248.8          -5.947218
248.9          -5.980257
249          -6.013505
249.1          -6.046955
249.2          -6.080599
249.3          -6.114431
249.4          -6.148443
249.5          -6.182628
249.6          -6.216979
249.7          -6.251488
249.8          -6.286148
249.9          -6.320953
250          -6.355895
250.1          -6.390967
250.2          -6.426162
250.3          -6.461472
250.4          -6.496891
250.5          -6.532411
250.6          -6.568026
250.7          -6.603729
250.8          -6.639511
250.9          -6.675367
251          -6.711290
251.1          -6.747271
251.2          -6.783306
251.3          -6.819385
251.4          -6.855503
251.5          -6.891653
251.6          -6.927828
251.7          -6.964021
251.8          -7.000225
251.9          -7.036433
252          -7.072639
252.1          -7.108836
252.2          -7.145017
252.3          -7.181176
252.4          -7.217306
252.5          -7.253401
252.6          -7.289453
252.7          -7.325457
252.8          -7.361405
252.9          -7.397292
253          -7.433111
253.1          -7.468856
253.2          -7.504520
253.3          -7.540096
253.4          -7.575580
253.5          -7.610965
253.6          -7.646243
253.7          -7.681410
253.8          -7.716459
253.9          -7.751385
254          -7.786180
254.1          -7.820840
254.2          -7.855358
254.3          -7.889729
254.4          -7.923946
254.5          -7.958005
254.6          -7.991898
254.7          -8.025621
254.8          -8.059168
254.9          -8.092534
255          -8.125713
255.1          -8.158699
255.2          -8.191487
255.3          -8.224072
255.4          -8.256448
255.5          -8.288611
255.6          -8.320555
255.7          -8.352275
255.8          -8.383766
255.9          -8.415023
256          -8.446041
256.1          -8.476815
256.2          -8.507340
256.3          -8.537612
256.4          -8.567625
256.5          -8.597376
256.6          -8.626860
256.7          -8.656072
256.8          -8.685007
256.9          -8.713662
257          -8.742031
257.1          -8.770111
257.2          -8.797898
257.3          -8.825387
257.4          -8.852575
257.5          -8.879456
257.6          -8.906028
257.7          -8.932286
257.8          -8.958227
257.9          -8.983847
258          -9.009143
258.1          -9.034109
258.2          -9.058744
258.3          -9.083043
258.4          -9.107004
258.5          -9.130623
258.6          -9.153896
258.7          -9.176820
258.8          -9.199393
258.9          -9.221610
259          -9.243470
259.1          -9.264970
259.2          -9.286105
259.3          -9.306874
259.4          -9.327274
259.5          -9.347303
259.6          -9.366957
259.7          -9.386234
259.8          -9.405132
259.9          -9.423648
260          -9.441780
260.1          -9.459526
260.2          -9.476884
260.3          -9.493851
260.4          -9.510426
260.5          -9.526607
260.6          -9.542391
260.7          -9.557777
260.8          -9.572763
260.9          -9.587348
261          -9.601529
261.1          -9.615306
261.2          -9.628677
261.3          -9.641640
261.4          -9.654195
261.5          -9.666339
261.6          -9.678072
261.7          -9.689393
261.8          -9.700300
261.9          -9.710793
262          -9.720871
262.1          -9.730533
262.2          -9.739777
262.3          -9.748604
262.4          -9.757013
262.5          -9.765002
262.6          -9.772573
262.7          -9.779723
262.8          -9.786453
262.9          -9.792763
263          -9.798652
263.1          -9.804120
263.2          -9.809167
263.3          -9.813793
263.4          -9.817998
263.5          -9.821781
263.6          -9.825144
263.7          -9.828086
263.8          -9.830608
263.9          -9.832709
264          -9.834391
264.1          -9.835654
264.2          -9.836497
264.3          -9.836922
264.4          -9.836930
264.5          -9.836521
264.6          -9.835696
264.7          -9.834455
264.8          -9.832799
264.9          -9.830731
265          -9.828249
265.1          -9.825356
265.2          -9.822052
265.3          -9.818338
265.4          -9.814217
265.5          -9.809688
265.6          -9.804754
265.7          -9.799415
265.8          -9.793674
265.9          -9.787531
266          -9.780988
266.1          -9.774046
266.2          -9.766708
266.3          -9.758974
266.4          -9.750847
266.5          -9.742328
266.6          -9.733419
266.7          -9.724122
266.8          -9.714439
266.9          -9.704371
267          -9.693921
267.1          -9.683090
267.2          -9.671882
267.3          -9.660297
267.4          -9.648338
267.5          -9.636007
267.6          -9.623307
267.7          -9.610239
267.8          -9.596806
267.9          -9.583011
268          -9.568855
268.1          -9.554341
268.2          -9.539472
268.3          -9.524250
268.4          -9.508677
268.5          -9.492757
268.6          -9.476491
268.7          -9.459882
268.8          -9.442934
268.9          -9.425648
269          -9.408027
269.1          -9.390075
269.2          -9.371793
269.3          -9.353186
269.4          -9.334254
269.5          -9.315003
269.6          -9.295433
269.7          -9.275549
269.8          -9.255353
269.9          -9.234848
270          -9.214038
270.1          -9.192924
270.2          -9.171510
270.3          -9.149800
270.4          -9.127796
270.5          -9.105502
270.6          -9.082920
270.7          -9.060053
270.8          -9.036906
270.9          -9.013480
271          -8.989780
271.1          -8.965808
271.2          -8.941568
271.3          -8.917062
271.4          -8.892295
271.5          -8.867269
271.6          -8.841987
271.7          -8.816454
271.8          -8.790671
271.9          -8.764644
272          -8.738374
272.1          -8.711865
272.2          -8.685121
272.3          -8.658144
272.4          -8.630939
272.5          -8.603509
272.6          -8.575856
272.7          -8.547985
272.8          -8.519899
272.9          -8.491600
273          -8.463094
273.1          -8.434382
273.2          -8.405468
273.3          -8.376356
273.4          -8.347049
273.5          -8.317551
273.6          -8.287865
273.7          -8.257993
273.8          -8.227941
273.9          -8.197711
274          -8.167306
274.1          -8.136730
274.2          -8.105987
274.3          -8.075079
274.4          -8.044010
274.5          -8.012784
274.6          -7.981403
274.7          -7.949872
274.8          -7.918193
274.9          -7.886371
275          -7.854407
275.1          -7.822307
275.2          -7.790072
275.3          -7.757706
275.4          -7.725214
275.5          -7.692597
275.6          -7.659859
275.7          -7.627004
275.8          -7.594035
275.9          -7.560955
276          -7.527767
276.1          -7.494475
276.2          -7.461081
276.3          -7.427590
276.4          -7.394004
276.5          -7.360326
276.6          -7.326560
276.7          -7.292709
276.8          -7.258776
276.9          -7.224764
277          -7.190676
277.1          -7.156516
277.2          -7.122286
277.3          -7.087989
277.4          -7.053629
277.5          -7.019209
277.6          -6.984731
277.7          -6.950199
277.8          -6.915615
277.9          -6.880983
278          -6.846306
278.1          -6.811586
278.2          -6.776826
278.3          -6.742030
278.4          -6.707199
278.5          -6.672338
278.6          -6.637449
278.7          -6.602534
278.8          -6.567597
278.9          -6.532640
279          -6.497665
279.1          -6.462677
279.2          -6.427677
279.3          -6.392668
279.4          -6.357653
279.5          -6.322634
279.6          -6.287614
279.7          -6.252595
279.8          -6.217581
279.9          -6.182574
280          -6.147576
280.1          -6.112589
280.2          -6.077617
280.3          -6.042661
280.4          -6.007725
280.5          -5.972810
280.6          -5.937919
280.7          -5.903054
280.8          -5.868218
280.9          -5.833413
281          -5.798641
281.1          -5.763905
281.2          -5.729206
281.3          -5.694547
281.4          -5.659930
281.5          -5.625358
281.6          -5.590832
281.7          -5.556354
281.8          -5.521928
281.9          -5.487553
282          -5.453234
282.1          -5.418971
282.2          -5.384768
282.3          -5.350624
282.4          -5.316544
282.5          -5.282528
282.6          -5.248578
282.7          -5.214697
282.8          -5.180886
282.9          -5.147147
283          -5.113482
283.1          -5.079892
283.2          -5.046380
283.3          -5.012946
283.4          -4.979594
283.5          -4.946323
283.6          -4.913137
283.7          -4.880036
283.8          -4.847022
283.9          -4.814097
284          -4.781262
284.1          -4.748519
284.2          -4.715870
284.3          -4.683315
284.4          -4.650856
284.5          -4.618495
284.6          -4.586233
284.7          -4.554071
284.8          -4.522011
284.9          -4.490054
285          -4.458201
285.1          -4.426453
285.2          -4.394813
285.3          -4.363280
285.4          -4.331857
285.5          -4.300544
285.6          -4.269343
285.7          -4.238254
285.8          -4.207279
285.9          -4.176419
286          -4.145675
286.1          -4.115048
286.2          -4.084538
286.3          -4.054148
286.4          -4.023877
286.5          -3.993727
286.6          -3.963699
286.7          -3.933794
286.8          -3.904012
286.9          -3.874354
287          -3.844822
287.1          -3.815416
287.2          -3.786136
287.3          -3.756984
287.4          -3.727960
287.5          -3.699065
287.6          -3.670300
287.7          -3.641665
287.8          -3.613161
287.9          -3.584789
288          -3.556550
288.1          -3.528443
288.2          -3.500469
288.3          -3.472630
288.4          -3.444925
288.5          -3.417355
288.6          -3.389921
288.7          -3.362622
288.8          -3.335461
288.9          -3.308436
289          -3.281548
289.1          -3.254799
289.2          -3.228187
289.3          -3.201714
289.4          -3.175380
289.5          -3.149185
289.6          -3.123130
289.7          -3.097214
289.8          -3.071438
289.9          -3.045803
290          -3.020308
290.1          -2.994954
290.2          -2.969741
290.3          -2.944670
290.4          -2.919739
290.5          -2.894951
290.6          -2.870303
290.7          -2.845798
290.8          -2.821435
290.9          -2.797213
291          -2.773134
291.1          -2.749197
291.2          -2.725402
291.3          -2.701749
291.4          -2.678239
291.5          -2.654871
291.6          -2.631645
291.7          -2.608561
291.8          -2.585620
291.9          -2.562820
292          -2.540163
292.1          -2.517648
292.2          -2.495275
292.3          -2.473044
292.4          -2.450954
292.5          -2.429006
292.6          -2.407200
292.7          -2.385535
292.8          -2.364011
292.9          -2.342628
293          -2.321385
293.1          -2.300284
293.2          -2.279323
293.3          -2.258502
293.4          -2.237821
293.5          -2.217279
293.6          -2.196877
293.7          -2.176615
293.8          -2.156491
293.9          -2.136506
294          -2.116659
294.1          -2.096950
294.2          -2.077379
294.3          -2.057945
294.4          -2.038649
294.5          -2.019489
294.6          -2.000465
294.7          -1.981578
294.8          -1.962826
294.9          -1.944210
295          -1.925728
295.1          -1.907381
295.2          -1.889168
295.3          -1.871089
295.4          -1.853143
295.5          -1.835330
295.6          -1.817650
295.7          -1.800101
295.8          -1.782684
295.9          -1.765398
296          -1.748243
296.1          -1.731218
296.2          -1.714323
296.3          -1.697557
296.4          -1.680920
296.5          -1.664411
296.6          -1.648030
296.7          -1.631776
296.8          -1.615649
296.9          -1.599649
297          -1.583774
297.1          -1.568024
297.2          -1.552399
297.3          -1.536899
297.4          -1.521521
297.5          -1.506268
297.6          -1.491136
297.7          -1.476127
297.8          -1.461239
297.9          -1.446472
298          -1.431826
298.1          -1.417299
298.2          -1.402891
298.3          -1.388602
298.4          -1.374432
298.5          -1.360378
298.6          -1.346442
298.7          -1.332622
298.8          -1.318918
298.9          -1.305329
299          -1.291854
299.1          -1.278494
299.2          -1.265246
299.3          -1.252112
299.4          -1.239090
299.5          -1.226179
299.6          -1.213380
299.7          -1.200690
299.8          -1.188111
299.9          -1.175640
300          -1.163278
300.1          -1.151024
300.2          -1.138878
300.3          -1.126838
300.4          -1.114904
300.5          -1.103075
300.6          -1.091351
300.7          -1.079732
300.8          -1.068216
300.9          -1.056803
301          -1.045492
301.1          -1.034283
301.2          -1.023174
301.3          -1.012167
301.4          -1.001259
301.5          -0.990450
301.6          -0.979740
301.7          -0.969128
301.8          -0.958613
301.9          -0.948195
302          -0.937872
302.1          -0.927646
302.2          -0.917513
302.3          -0.907475
302.4          -0.897531
302.5          -0.887679
302.6          -0.877920
302.7          -0.868253
302.8          -0.858676
302.9          -0.849190
303          -0.839793
303.1          -0.830486
303.2          -0.821267
303.3          -0.812136
303.4          -0.803092
303.5          -0.794135
303.6          -0.785264
303.7          -0.776479
303.8          -0.767778
303.9          -0.759161
304          -0.750628
304.1          -0.742178
304.2          -0.733811
304.3          -0.725525
304.4          -0.717320
304.5          -0.709196
304.6          -0.701151
304.7          -0.693186
304.8          -0.685300
304.9          -0.677492
305          -0.669761
305.1          -0.662107
305.2          -0.654530
305.3          -0.647029
305.4          -0.639602
305.5          -0.632250
305.6          -0.624972
305.7          -0.617768
305.8          -0.610636
305.9          -0.603577
306          -0.596589
306.1          -0.589673
306.2          -0.582826
306.3          -0.576050
306.4          -0.569344
306.5          -0.562706
306.6          -0.556136
306.7          -0.549634
306.8          -0.543199
306.9          -0.536831
307          -0.530529
307.1          -0.524292
307.2          -0.518120
307.3          -0.512012
307.4          -0.505969
307.5          -0.499989
307.6          -0.494071
307.7          -0.488216
307.8          -0.482422
307.9          -0.476690
308          -0.471018
308.1          -0.465406
308.2          -0.459854
308.3          -0.454361
308.4          -0.448926
308.5          -0.443550
308.6          -0.438231
308.7          -0.432969
308.8          -0.427764
308.9          -0.422614
309          -0.417521
309.1          -0.412482
309.2          -0.407497
309.3          -0.402567
309.4          -0.397690
309.5          -0.392867
309.6          -0.388096
309.7          -0.383377
309.8          -0.378709
309.9          -0.374093
310          -0.369528
310.1          -0.365012
310.2          -0.360547
310.3          -0.356131
310.4          -0.351763
310.5          -0.347444
310.6          -0.343173
310.7          -0.338949
310.8          -0.334773
310.9          -0.330642
311          -0.326558
311.1          -0.322520
311.2          -0.318527
311.3          -0.314579
311.4          -0.310675
311.5          -0.306815
311.6          -0.302999
311.7          -0.299226
311.8          -0.295496
311.9          -0.291807
312          -0.288161
312.1          -0.284556
312.2          -0.280993
312.3          -0.277470
312.4          -0.273987
312.5          -0.270544
312.6          -0.267140
312.7          -0.263776
312.8          -0.260450
312.9          -0.257163
313          -0.253914
313.1          -0.250702
313.2          -0.247527
313.3          -0.244389
313.4          -0.241288
313.5          -0.238222
313.6          -0.235192
313.7          -0.232198
313.8          -0.229238
313.9          -0.226314
314          -0.223423
314.1          -0.220566
314.2          -0.217743
314.3          -0.214953
314.4          -0.212196
314.5          -0.209472
314.6          -0.206779
314.7          -0.204119
314.8          -0.201490
314.9          -0.198892
315          -0.196325
315.1          -0.193789
315.2          -0.191283
315.3          -0.188806
315.4          -0.186360
315.5          -0.183942
315.6          -0.181554
315.7          -0.179194
315.8          -0.176863
315.9          -0.174560
316          -0.172284
316.1          -0.170036
316.2          -0.167815
316.3          -0.165621
316.4          -0.163453
316.5          -0.161312
316.6          -0.159197
316.7          -0.157107
316.8          -0.155043
316.9          -0.153004
317          -0.150990
317.1          -0.149001
317.2          -0.147036
317.3          -0.145095
317.4          -0.143178
317.5          -0.141284
317.6          -0.139414
317.7          -0.137567
317.8          -0.135742
317.9          -0.133940
318          -0.132161
318.1          -0.130403
318.2          -0.128667
318.3          -0.126953
318.4          -0.125260
318.5          -0.123588
318.6          -0.121937
318.7          -0.120306
318.8          -0.118696
318.9          -0.117106
319          -0.115536
319.1          -0.113986
319.2          -0.112455
319.3          -0.110943
319.4          -0.109450
319.5          -0.107976
319.6          -0.106521
319.7          -0.105084
319.8          -0.103665
319.9          -0.102264
320          -0.100881
320.1          -0.099516
320.2          -0.098167
320.3          -0.096836
320.4          -0.095522
320.5          -0.094225
320.6          -0.092944
320.7          -0.091679
320.8          -0.090431
320.9          -0.089198
321          -0.087982
321.1          -0.086781
321.2          -0.085595
321.3          -0.084425
321.4          -0.083269
321.5          -0.082129
321.6          -0.081003
321.7          -0.079892
321.8          -0.078795
321.9          -0.077712
322          -0.076644
322.1          -0.075589
322.2          -0.074548
322.3          -0.073520
322.4          -0.072506
322.5          -0.071505
322.6          -0.070517
322.7          -0.069542
322.8          -0.068579
322.9          -0.067630
323          -0.066692
323.1          -0.065767
323.2          -0.064854
323.3          -0.063953
323.4          -0.063064
323.5          -0.062187
323.6          -0.061321
323.7          -0.060466
323.8          -0.059623
323.9          -0.058791
324          -0.057970
324.1          -0.057160
324.2          -0.056360
324.3          -0.055571
324.4          -0.054793
324.5          -0.054025
324.6          -0.053267
324.7          -0.052519
324.8          -0.051781
324.9          -0.051053
325          -0.050335
325.1          -0.049626
325.2          -0.048927
325.3          -0.048237
325.4          -0.047556
325.5          -0.046885
325.6          -0.046222
325.7          -0.045569
325.8          -0.044924
325.9          -0.044288
326          -0.043660
326.1          -0.043041
326.2          -0.042430
326.3          -0.041828
326.4          -0.041233
326.5          -0.040647
326.6          -0.040069
326.7          -0.039498
326.8          -0.038935
326.9          -0.038380
327          -0.037833
327.1          -0.037292
327.2          -0.036760
327.3          -0.036234
327.4          -0.035716
327.5          -0.035204
327.6          -0.034700
327.7          -0.034203
327.8          -0.033712
327.9          -0.033228
328          -0.032751
328.1          -0.032280
328.2          -0.031816
328.3          -0.031358
328.4          -0.030906
328.5          -0.030461
328.6          -0.030022
328.7          -0.029588
328.8          -0.029161
328.9          -0.028740
329          -0.028324
329.1          -0.027915
329.2          -0.027511
329.3          -0.027112
329.4          -0.026719
329.5          -0.026332
329.6          -0.025950
329.7          -0.025573
329.8          -0.025201
329.9          -0.024835
330          -0.024474
330.1          -0.024117
330.2          -0.023766
330.3          -0.023420
330.4          -0.023078
330.5          -0.022742
330.6          -0.022410
330.7          -0.022082
330.8          -0.021759
330.9          -0.021441
331          -0.021127
331.1          -0.020818
331.2          -0.020513
331.3          -0.020212
331.4          -0.019916
331.5          -0.019623
331.6          -0.019335
331.7          -0.019051
331.8          -0.018771
331.9          -0.018495
332          -0.018222
332.1          -0.017954
332.2          -0.017689
332.3          -0.017429
332.4          -0.017171
332.5          -0.016918
332.6          -0.016668
332.7          -0.016422
332.8          -0.016179
332.9          -0.015940
333          -0.015704
333.1          -0.015471
333.2          -0.015242
333.3          -0.015016
333.4          -0.014793
333.5          -0.014573
333.6          -0.014357
333.7          -0.014143
333.8          -0.013933
333.9          -0.013726
334          -0.013522
334.1          -0.013320
334.2          -0.013122
334.3          -0.012926
334.4          -0.012733
334.5          -0.012543
334.6          -0.012356
334.7          -0.012171
334.8          -0.011989
334.9          -0.011810
335          -0.011633
335.1          -0.011459
335.2          -0.011288
335.3          -0.011118
335.4          -0.010952
335.5          -0.010787
335.6          -0.010625
335.7          -0.010466
335.8          -0.010309
335.9          -0.010154
336          -0.010001
336.1          -0.009850
336.2          -0.009702
336.3          -0.009556
336.4          -0.009412
336.5          -0.009270
336.6          -0.009130
336.7          -0.008992
336.8          -0.008857
336.9          -0.008723
337          -0.008591
337.1          -0.008461
337.2          -0.008333
337.3          -0.008207
337.4          -0.008083
337.5          -0.007960
337.6          -0.007840
337.7          -0.007721
337.8          -0.007604
337.9          -0.007488
338          -0.007374
338.1          -0.007262
338.2          -0.007152
338.3          -0.007043
338.4          -0.006936
338.5          -0.006830
338.6          -0.006726
338.7          -0.006624
338.8          -0.006523
338.9          -0.006423
339          -0.006325
339.1          -0.006229
339.2          -0.006134
339.3          -0.006040
339.4          -0.005948
339.5          -0.005857
339.6          -0.005767
339.7          -0.005679
339.8          -0.005592
339.9          -0.005506
340          -0.005422
340.1          -0.005339
340.2          -0.005257
340.3          -0.005176
340.4          -0.005097
340.5          -0.005019
340.6          -0.004941
340.7          -0.004865
340.8          -0.004791
340.9          -0.004717
341          -0.004644
341.1          -0.004573
341.2          -0.004502
341.3          -0.004433
341.4          -0.004365
341.5          -0.004297
341.6          -0.004231
341.7          -0.004166
341.8          -0.004101
341.9          -0.004038
342          -0.003976
342.1          -0.003914
342.2          -0.003854
342.3          -0.003794
342.4          -0.003735
342.5          -0.003677
342.6          -0.003620
342.7          -0.003564
342.8          -0.003509
342.9          -0.003455
343          -0.003401
343.1          -0.003348
343.2          -0.003296
343.3          -0.003245
343.4          -0.003194
343.5          -0.003145
343.6          -0.003096
343.7          -0.003048
343.8          -0.003000
343.9          -0.002954
344          -0.002908
344.1          -0.002862
344.2          -0.002818
344.3          -0.002774
344.4          -0.002730
344.5          -0.002688
344.6          -0.002646
344.7          -0.002604
344.8          -0.002564
344.9          -0.002524
345          -0.002484
345.1          -0.002445
345.2          -0.002407
345.3          -0.002369
345.4          -0.002332
345.5          -0.002296
345.6          -0.002260
345.7          -0.002224
345.8          -0.002189
345.9          -0.002155
346          -0.002121
346.1          -0.002088
346.2          -0.002055
346.3          -0.002023
346.4          -0.001991
346.5          -0.001960
346.6          -0.001929
346.7          -0.001899
346.8          -0.001869
346.9          -0.001839
347          -0.001810
347.1          -0.001782
347.2          -0.001754
347.3          -0.001726
347.4          -0.001699
347.5          -0.001672
347.6          -0.001646
347.7          -0.001620
347.8          -0.001594
347.9          -0.001569
348          -0.001544
348.1          -0.001520
348.2          -0.001496
348.3          -0.001472
348.4          -0.001449
348.5          -0.001426
348.6          -0.001403
348.7          -0.001381
348.8          -0.001359
348.9          -0.001338
349          -0.001316
349.1          -0.001296
349.2          -0.001275
349.3          -0.001255
349.4          -0.001235
349.5          -0.001215
349.6          -0.001196
349.7          -0.001177
349.8          -0.001158
349.9          -0.001140
350          -0.001122
350.1          -0.001104
350.2          -0.001086
350.3          -0.001069
350.4          -0.001052
350.5          -0.001035
350.6          -0.001019
350.7          -0.001002
350.8          -0.000986
350.9          -0.000971
351          -0.000955
351.1          -0.000940
351.2          -0.000925
351.3          -0.000910
351.4          -0.000896
351.5          -0.000881
351.6          -0.000867
351.7          -0.000853
351.8          -0.000840
351.9          -0.000826
352          -0.000813
352.1          -0.000800
352.2          -0.000787
352.3          -0.000775
352.4          -0.000762
352.5          -0.000750
352.6          -0.000738
352.7          -0.000726
352.8          -0.000715
352.9          -0.000703
353          -0.000692
353.1          -0.000681
353.2          -0.000670
353.3          -0.000659
353.4          -0.000648
353.5          -0.000638
353.6          -0.000628
353.7          -0.000618
353.8          -0.000608
353.9          -0.000598
354          -0.000588
354.1          -0.000579
354.2          -0.000570
354.3          -0.000560
354.4          -0.000551
354.5          -0.000542
354.6          -0.000534
354.7          -0.000525
354.8          -0.000517
354.9          -0.000508
355          -0.000500
355.1          -0.000492
355.2          -0.000484
355.3          -0.000476
355.4          -0.000469
355.5          -0.000461
355.6          -0.000454
355.7          -0.000446
355.8          -0.000439
355.9          -0.000432
356          -0.000425
356.1          -0.000418
356.2          -0.000411
356.3          -0.000405
356.4          -0.000398
356.5          -0.000392
356.6          -0.000385
356.7          -0.000379
356.8          -0.000373
356.9          -0.000367
357          -0.000361
357.1          -0.000355
357.2          -0.000349
357.3          -0.000344
357.4          -0.000338
357.5          -0.000333
357.6          -0.000327
357.7          -0.000322
357.8          -0.000317
357.9          -0.000312
358          -0.000306
358.1          -0.000301
358.2          -0.000297
358.3          -0.000292
358.4          -0.000287
358.5          -0.000282
358.6          -0.000278
358.7          -0.000273
358.8          -0.000269
358.9          -0.000264
359          -0.000260
359.1          -0.000256
359.2          -0.000252
359.3          -0.000248
359.4          -0.000244
359.5          -0.000240
359.6          -0.000236
359.7          -0.000232
359.8          -0.000228
359.9          -0.000224
360          -0.000221
360.1          -0.000217
360.2          -0.000214
360.3          -0.000210
360.4          -0.000207
360.5          -0.000203
360.6          -0.000200
360.7          -0.000197
360.8          -0.000193
360.9          -0.000190
361          -0.000187
361.1          -0.000184
361.2          -0.000181
361.3          -0.000178
361.4          -0.000175
361.5          -0.000172
361.6          -0.000169
361.7          -0.000167
361.8          -0.000164
361.9          -0.000161
362          -0.000159
362.1          -0.000156
362.2          -0.000153
362.3          -0.000151
362.4          -0.000149
362.5          -0.000146
362.6          -0.000144
362.7          -0.000141
362.8          -0.000139
362.9          -0.000137
363          -0.000134
363.1          -0.000132
363.2          -0.000130
363.3          -0.000128
363.4          -0.000126
363.5          -0.000124
363.6          -0.000122
363.7          -0.000120
363.8          -0.000118
363.9          -0.000116
364          -0.000114
364.1          -0.000112
364.2          -0.000110
364.3          -0.000108
364.4          -0.000107
364.5          -0.000105
364.6          -0.000103
364.7          -0.000101
364.8          -0.000100
364.9          -0.000098
365          -0.000097
365.1          -0.000095
365.2          -0.000093
365.3          -0.000092
365.4          -0.000090
365.5          -0.000089
365.6          -0.000087
365.7          -0.000086
365.8          -0.000084
365.9          -0.000083
366          -0.000082
366.1          -0.000080
366.2          -0.000079
366.3          -0.000078
366.4          -0.000076
366.5          -0.000075
366.6          -0.000074
366.7          -0.000073
366.8          -0.000072
366.9          -0.000070
367          -0.000069
367.1          -0.000068
367.2          -0.000067
367.3          -0.000066
367.4          -0.000065
367.5          -0.000064
367.6          -0.000063
367.7          -0.000062
367.8          -0.000061
367.9          -0.000060
368          -0.000059
368.1          -0.000058
368.2          -0.000057
368.3          -0.000056
368.4          -0.000055
368.5          -0.000054
368.6          -0.000053
368.7          -0.000052
368.8          -0.000051
368.9          -0.000050
369          -0.000050
369.1          -0.000049
369.2          -0.000048
369.3          -0.000047
369.4          -0.000046
369.5          -0.000046
369.6          -0.000045
369.7          -0.000044
369.8          -0.000043
369.9          -0.000043
370          -0.000042
370.1          -0.000041
370.2          -0.000041
370.3          -0.000040
370.4          -0.000039
370.5          -0.000039
370.6          -0.000038
370.7          -0.000037
370.8          -0.000037
370.9          -0.000036
371          -0.000035
371.1          -0.000035
371.2          -0.000034
371.3          -0.000034
371.4          -0.000033
371.5          -0.000033
371.6          -0.000032
371.7          -0.000032
371.8          -0.000031
371.9          -0.000030
372          -0.000030
372.1          -0.000029
372.2          -0.000029
372.3          -0.000028
372.4          -0.000028
372.5          -0.000028
372.6          -0.000027
372.7          -0.000027
372.8          -0.000026
372.9          -0.000026
373          -0.000025
373.1          -0.000025
373.2          -0.000024
373.3          -0.000024
373.4          -0.000024
373.5          -0.000023
373.6          -0.000023
373.7          -0.000023
373.8          -0.000022
373.9          -0.000022
374          -0.000021
374.1          -0.000021
374.2          -0.000021
374.3          -0.000020
374.4          -0.000020
374.5          -0.000020
374.6          -0.000019
374.7          -0.000019
374.8          -0.000019
374.9          -0.000018
375          -0.000018
375.1          -0.000018
375.2          -0.000017
375.3          -0.000017
375.4          -0.000017
375.5          -0.000017
375.6          -0.000016
375.7          -0.000016
375.8          -0.000016
375.9          -0.000016
376          -0.000015
376.1          -0.000015
376.2          -0.000015
376.3          -0.000015
376.4          -0.000014
376.5          -0.000014
376.6          -0.000014
376.7          -0.000014
376.8          -0.000013
376.9          -0.000013
377          -0.000013
377.1          -0.000013
377.2          -0.000012
377.3          -0.000012
377.4          -0.000012
377.5          -0.000012
377.6          -0.000012
377.7          -0.000011
377.8          -0.000011
377.9          -0.000011
378          -0.000011
378.1          -0.000011
378.2          -0.000011
378.3          -0.000010
378.4          -0.000010
378.5          -0.000010
378.6          -0.000010
378.7          -0.000010
378.8          -0.000010
378.9          -0.000009
379          -0.000009
379.1          -0.000009
379.2          -0.000009
379.3          -0.000009
379.4          -0.000009
379.5          -0.000008
379.6          -0.000008
379.7          -0.000008
379.8          -0.000008
379.9          -0.000008
380          -0.000008
380.1          -0.000008
380.2          -0.000008
380.3          -0.000007
380.4          -0.000007
380.5          -0.000007
380.6          -0.000007
380.7          -0.000007
380.8          -0.000007
380.9          -0.000007
381          -0.000007
381.1          -0.000006
381.2          -0.000006
381.3          -0.000006
381.4          -0.000006
381.5          -0.000006
381.6          -0.000006
381.7          -0.000006
381.8          -0.000006
381.9          -0.000006
382          -0.000006
382.1          -0.000005
382.2          -0.000005
382.3          -0.000005
382.4          -0.000005
382.5          -0.000005
382.6          -0.000005
382.7          -0.000005
382.8          -0.000005
382.9          -0.000005
383          -0.000005
383.1          -0.000005
383.2          -0.000005
383.3          -0.000004
383.4          -0.000004
383.5          -0.000004
383.6          -0.000004
383.7          -0.000004
383.8          -0.000004
383.9          -0.000004
384          -0.000004
384.1          -0.000004
384.2          -0.000004
384.3          -0.000004
384.4          -0.000004
384.5          -0.000004
384.6          -0.000004
384.7          -0.000004
384.8          -0.000003
384.9          -0.000003
385          -0.000003
385.1          -0.000003
385.2          -0.000003
385.3          -0.000003
385.4          -0.000003
385.5          -0.000003
385.6          -0.000003
385.7          -0.000003
385.8          -0.000003
385.9          -0.000003
386          -0.000003
386.1          -0.000003
386.2          -0.000003
386.3          -0.000003
386.4          -0.000003
386.5          -0.000003
386.6          -0.000003
386.7          -0.000002
386.8          -0.000002
386.9          -0.000002
387          -0.000002
